# TU Delft Colors ---------------------------------------------------------

tud_col_prim <- c('#00A6D6', '#FFFFFF' , '#000000')

tud_blue <- c('#0C2340','#00B8C8','#0076C2')

tud_pink <- c('#6F1D77','#EF60A3','#A50034')

tud_orange <- c('#E03C31','#EC6842','#FFB81C')

tud_green <- c('#6CC24A', '#009B77')

tud_qual <- c('#00B8C8','#EC6842', '#FFB81C', '#6CC24A')

